Time to run: 0.039 seconds
trainScores = [82.14285714285714, 84.28571428571429, 84.28571428571429, 87.14285714285714, 86.85714285714286]
testScores = [69.33333333333333, 68.33333333333333, 70.0, 72.0, 71.33333333333333]
cvScores = [74.28571428571429, 71.07142857142857, 71.42857142857143, 71.96428571428571, 77.14285714285714]
