Time to run: 0.023 seconds
trainScores = [85.0, 88.57142857142857, 91.42857142857143, 89.64285714285714, 88.42857142857143]
testScores = [67.66666666666667, 67.66666666666667, 69.33333333333333, 70.0, 73.0]
cvScores = [67.14285714285714, 71.78571428571429, 70.71428571428571, 74.28571428571429, 73.14285714285714]
