Time to run: 0.029 seconds
trainScores = [100.0, 100.0, 100.0, 100.0, 100.0]
testScores = [68.0, 69.33333333333333, 69.33333333333333, 71.33333333333333, 72.66666666666667]
cvScores = [74.28571428571429, 74.64285714285714, 72.85714285714286, 74.28571428571429, 77.0]
