Time to run: 0.498 seconds
trainScores = [56.2043795620438, 57.330415754923415, 57.60816723383568, 59.09588042289464, 59.11344415281423]
testScores = [49.21715452688904, 52.14431586113002, 51.46358066712049, 51.123213070115725, 51.80394826412525]
cvScores = [50.65693430656934, 52.95404814004377, 52.406417112299465, 54.866934013853445, 55.32225138524351]
