Time to run: 0.304 seconds
trainScores = [100.0, 100.0, 100.0, 100.0, 100.0]
testScores = [49.4213750850919, 54.39074200136147, 56.364874063989106, 58.13478556841389, 62.69571136827774]
cvScores = [48.613138686131386, 53.537563822027714, 55.42051531356344, 58.111556689755744, 59.434237386993296]
