Time to run: 0.076 seconds
trainScores = [92.11678832116789, 92.6331145149526, 96.2566844919786, 95.7710535909588, 94.77981918926801]
testScores = [48.94486044928523, 48.46834581347856, 51.46358066712049, 54.935330156569094, 58.20285908781484]
cvScores = [48.02919708029197, 48.21298322392414, 52.3578026251823, 53.33576376230405, 55.759696704578595]
