Grid search results:
Accuracy: 57.30533683289589
learningRate: 0.100000	momentum: 0.700000	trainingTime: 700
