Time to run: 11.8 seconds
trainScores = [66.86131386861314, 63.822027716994896, 61.448711716091395, 59.31461903025884, 59.025955088947214]
testScores = [51.32743362831859, 52.552756977535736, 53.641933287950984, 52.48468345813478, 54.32266848196052]
cvScores = [45.693430656934304, 51.93289569657185, 53.33009236752552, 54.79402114473204, 57.30533683289589]
