Time to run: 0.888 seconds
trainScores = [52.262773722627735, 51.85995623632385, 52.406417112299465, 52.898286547575644, 53.36832895888014]
testScores = [49.285228046289994, 49.89788972089857, 50.170183798502386, 50.51055139550715, 50.442477876106196]
cvScores = [51.24087591240876, 51.05762217359592, 52.55226057365095, 52.78891724389355, 53.193350831146105]
