Time to run: 0.031 seconds
trainScores = [74.28571428571429, 78.57142857142857, 74.76190476190476, 79.82142857142857, 79.28571428571429]
testScores = [68.0, 69.33333333333333, 69.0, 71.0, 72.66666666666667]
cvScores = [74.28571428571429, 74.64285714285714, 72.61904761904762, 74.10714285714286, 76.71428571428571]
