Time to run: 11.482 seconds
trainScores = [95.0, 86.07142857142857, 82.14285714285714, 81.60714285714286, 80.42857142857143]
testScores = [69.66666666666667, 69.66666666666667, 72.66666666666667, 73.66666666666667, 73.0]
cvScores = [63.57142857142857, 71.42857142857143, 70.95238095238095, 75.0, 77.14285714285714]
