Time to run: 1.309 seconds
trainScores = [100.0, 100.0, 100.0, 100.0, 100.0]
testScores = [51.80394826412525, 56.364874063989106, 56.773315180394825, 61.198093941456776, 62.96800544588155]
cvScores = [50.51094890510949, 53.61050328227571, 56.68449197860963, 59.27816259569814, 62.758821813939925]
