Time to run: 2.066 seconds
trainScores = [100.0, 100.0, 100.0, 100.0, 100.0]
testScores = [51.123213070115725, 55.54799183117767, 58.13478556841389, 61.742682096664396, 63.85296119809394]
cvScores = [50.51094890510949, 54.33989788475565, 56.149732620320854, 60.77287641268684, 62.758821813939925]
