Grid search results:
Accuracy: 76.42857142857143
learningRate: 0.200000	momentum: 0.500000	trainingTime: 300
