Time to run: 1.825 seconds
trainScores = [96.42857142857143, 97.14285714285714, 97.85714285714286, 98.39285714285714, 97.42857142857143]
testScores = [69.66666666666667, 71.33333333333333, 73.33333333333333, 69.33333333333333, 70.33333333333333]
cvScores = [64.28571428571429, 72.5, 69.28571428571429, 71.07142857142857, 72.71428571428571]
