Time to run: 4.935 seconds
trainScores = [99.28571428571429, 98.92857142857143, 99.28571428571429, 99.64285714285714, 99.42857142857143]
testScores = [70.33333333333333, 69.0, 68.0, 68.0, 69.66666666666667]
cvScores = [61.42857142857143, 69.28571428571429, 70.0, 74.28571428571429, 76.42857142857143]
