Time to run: 0.149 seconds
trainScores = [69.78102189781022, 72.64770240700219, 75.64414195430238, 72.62121764491432, 71.74103237095363]
testScores = [49.96596324029952, 49.76174268209667, 52.07624234172907, 52.62083049693669, 54.32266848196052]
cvScores = [50.36496350364963, 52.44347191830781, 51.53135634419057, 53.04411228581845, 55.20559930008749]
