Time to run: 0.194 seconds
trainScores = [89.48905109489051, 90.80962800875274, 94.79824987846378, 94.09405760116661, 93.1466899970837]
testScores = [49.149081007488086, 48.80871341048332, 51.66780122532335, 54.73110959836624, 58.339006126616745]
cvScores = [48.175182481751825, 48.94237782640408, 52.309188138065146, 53.007655851257745, 55.93467483231263]
