Time to run: 26.427 seconds
trainScores = [100.0, 100.0, 99.80554205153136, 99.7448049580751, 99.67920676582094]
testScores = [50.442477876106196, 56.364874063989106, 59.49625595643295, 61.06194690265487, 64.39754935330157]
cvScores = [51.24087591240876, 54.266958424507656, 57.55955274671852, 59.89792198323004, 62.817147856517934]
