Time to run: 0.507 seconds
trainScores = [100.0, 100.0, 100.0, 100.0, 100.0]
testScores = [52.8931245745405, 58.20285908781484, 59.08781484002723, 60.99387338325391, 64.0571817562968]
cvScores = [51.824817518248175, 58.57038657913932, 59.84443364122509, 62.632154575282534, 66.05424321959755]
