Time to run: 0.009 seconds
trainScores = [100.0, 100.0, 100.0, 100.0, 100.0]
testScores = [66.66666666666667, 61.0, 65.0, 65.33333333333333, 67.0]
cvScores = [63.57142857142857, 63.57142857142857, 66.19047619047619, 68.21428571428571, 68.57142857142857]
