Time to run: 0.009 seconds
trainScores = [73.57142857142857, 73.57142857142857, 76.19047619047619, 76.60714285714286, 79.85714285714286]
testScores = [67.33333333333333, 67.33333333333333, 70.66666666666667, 70.33333333333333, 71.66666666666667]
cvScores = [73.57142857142857, 73.57142857142857, 70.95238095238095, 73.39285714285714, 76.42857142857143]
