Time to run: 0.143 seconds
trainScores = [85.71428571428571, 87.5, 87.61904761904762, 87.85714285714286, 88.0]
testScores = [69.33333333333333, 70.0, 71.33333333333333, 72.33333333333333, 70.66666666666667]
cvScores = [73.57142857142857, 74.64285714285714, 71.66666666666667, 76.78571428571429, 78.0]
